BOY1 2 210 56 62 126
BOY2 2 232 109 81 50
BOY3 2 149 24 60 150
BOY4 1 87 26 54 47
BOY5 3 154 54 71 104
BOY6 1 219 79 35 160
BOY7 2 218 115 56 84
BOY8 2 107 84 46 60
BOY9 2 158 37 64 63
BOY10 1 88 148 37 130
BOY11 3 214 128 56 157
BOY12 3 81 114 71 110
BOY13 3 50 59 84 142
BOY14 2 60 127 42 143
BOY15 3 156 125 92 135
BOY16 1 212 43 47 83
BOY17 2 225 27 84 176
BOY18 2 194 43 76 151
BOY19 2 158 62 40 48
BOY20 1 63 81 63 129
BOY21 1 198 146 36 82
BOY22 3 214 108 43 176
BOY23 2 130 123 92 82
BOY24 2 240 98 37 57
BOY25 1 226 135 89 92
BOY26 2 75 116 38 108
BOY27 1 174 109 40 74
BOY28 2 133 39 82 141
BOY29 1 57 65 52 132
BOY30 3 185 93 55 136
BOY31 1 234 117 52 46
BOY32 1 151 90 71 126
BOY33 3 147 107 81 184
BOY34 2 245 98 54 114
BOY35 1 85 39 62 90
BOY36 2 186 152 54 147
BOY37 3 98 96 47 175
BOY38 3 77 106 67 131
BOY39 1 52 103 82 68
BOY40 1 226 26 51 137