GIRL1 1 249 29 104 1
GIRL2 3 765 21 29 1
GIRL3 1 465 20 108 1
GIRL4 3 248 22 98 3
GIRL5 1 530 18 35 3
GIRL6 1 816 29 81 1
GIRL7 3 231 17 64 3
GIRL8 1 290 11 69 3
GIRL9 2 353 18 49 3
GIRL10 2 582 26 49 3
GIRL11 2 488 18 60 3
GIRL12 1 393 23 46 1
GIRL13 1 247 22 104 2
GIRL14 1 739 17 94 2
GIRL15 3 670 10 21 3
GIRL16 1 262 27 46 2
GIRL17 2 238 14 39 2
GIRL18 2 265 14 27 3
GIRL19 1 574 23 123 3
GIRL20 2 298 25 75 2
GIRL21 1 495 17 114 2
GIRL22 3 766 21 29 2
GIRL23 1 529 12 63 1
GIRL24 2 514 27 73 1
GIRL25 3 561 19 57 1
GIRL26 2 307 20 70 3
GIRL27 2 464 27 50 2
GIRL28 3 491 14 122 2
GIRL29 2 557 27 24 2