BOY1 1 135 75 75 158
BOY2 3 49 92 63 182
BOY3 3 145 122 67 139
BOY4 1 54 147 88 117
BOY5 2 41 92 56 124
BOY6 2 121 125 90 173
BOY7 3 105 142 60 64
BOY8 2 147 111 86 137
BOY9 2 73 71 65 81
BOY10 3 111 105 61 184
BOY11 2 183 133 87 196
BOY12 3 131 52 75 49
BOY13 2 189 137 65 171
BOY14 1 193 108 58 173
BOY15 1 198 93 50 131
BOY16 2 87 88 41 139
BOY17 1 188 112 50 84
BOY18 2 190 40 46 164
BOY19 2 65 65 53 67
BOY20 3 82 98 54 76
BOY21 1 99 75 41 106
BOY22 2 114 58 87 195
BOY23 1 113 40 77 41
BOY24 2 37 102 51 160
BOY25 1 197 82 80 129
BOY26 2 227 88 66 186
BOY27 1 200 50 65 41
BOY28 3 118 130 66 56
BOY29 3 209 81 70 60
BOY30 3 196 84 67 174
BOY31 2 74 65 68 42
BOY32 3 106 37 70 70
BOY33 2 52 114 88 132
BOY34 2 74 142 92 169
BOY35 1 59 43 78 145
BOY36 3 128 104 36 57
BOY37 1 97 94 67 129