GIRL1 3 310 20 60 3
GIRL2 2 479 22 28 1
GIRL3 2 688 16 68 1
GIRL4 3 402 29 97 2
GIRL5 3 214 31 72 1
GIRL6 1 663 29 51 3
GIRL7 1 604 15 117 1
GIRL8 3 335 22 42 2
GIRL9 1 812 11 69 2
GIRL10 2 261 18 67 2
GIRL11 2 580 18 90 1
GIRL12 2 518 27 114 2
GIRL13 3 523 16 55 1
GIRL14 1 751 29 70 2
GIRL15 1 389 12 99 2
GIRL16 3 280 24 116 3
GIRL17 3 602 23 71 2
GIRL18 3 795 17 124 3
GIRL19 3 706 26 47 2
GIRL20 1 578 18 123 1
GIRL21 2 504 23 71 2
GIRL22 3 735 27 77 2
GIRL23 2 774 30 126 1
GIRL24 3 770 29 96 1
GIRL25 3 654 13 88 2
GIRL26 1 366 26 67 2
GIRL27 3 675 30 57 2
GIRL28 3 481 17 60 1
GIRL29 2 530 10 109 2
GIRL30 1 250 19 26 3
GIRL31 1 360 25 85 2
GIRL32 1 621 32 37 1
GIRL33 3 589 27 32 1