BOY1 2 75 87 62 83
BOY2 2 128 85 74 142
BOY3 1 211 32 75 163
BOY4 1 112 115 80 128
BOY5 1 197 31 48 59
BOY6 2 183 95 66 188
BOY7 2 184 63 68 47
BOY8 1 154 106 36 147
BOY9 2 188 124 81 167
BOY10 1 108 52 38 176
BOY11 2 75 150 36 99
BOY12 3 104 48 46 88
BOY13 1 178 109 84 169
BOY14 3 245 108 88 193
BOY15 3 108 24 60 107
BOY16 2 170 35 77 89
BOY17 3 70 104 82 93
BOY18 1 42 104 49 99
BOY19 1 187 135 42 176
BOY20 2 91 121 76 172
BOY21 2 38 27 39 122
BOY22 2 79 112 89 96
BOY23 1 87 100 93 161
BOY24 3 122 55 91 158
BOY25 2 37 96 75 107
BOY26 2 82 39 39 170
BOY27 2 134 102 72 51
BOY28 3 115 75 91 91
BOY29 2 212 149 81 94
BOY30 3 58 59 65 150
BOY31 2 120 103 61 189
BOY32 2 242 46 83 196
BOY33 2 213 24 82 53