GIRL1 2 312 13 57 2
GIRL2 3 345 20 110 1
GIRL3 1 251 12 99 3
GIRL4 1 317 24 60 3
GIRL5 3 785 24 104 2
GIRL6 2 642 12 60 3
GIRL7 2 385 14 103 2
GIRL8 2 687 10 95 3
GIRL9 1 398 17 32 1
GIRL10 2 530 11 114 1
GIRL11 1 577 14 22 2
GIRL12 1 318 30 66 3
GIRL13 2 461 25 31 2
GIRL14 1 486 30 123 3
GIRL15 2 749 27 84 2
GIRL16 1 364 29 101 3
GIRL17 3 220 32 71 3
GIRL18 3 537 30 113 2
GIRL19 2 441 13 46 2
GIRL20 1 596 28 85 2
GIRL21 1 472 21 27 2
GIRL22 2 437 25 27 2
GIRL23 3 272 18 20 3
GIRL24 2 365 27 129 1
GIRL25 1 667 19 25 1
GIRL26 3 504 12 32 1
GIRL27 2 464 24 57 2
GIRL28 1 200 13 70 1
GIRL29 1 360 15 89 1
GIRL30 2 393 32 30 1