BOY1 1 145 130 89 149
BOY2 1 174 82 39 128
BOY3 1 122 84 69 40
BOY4 1 35 56 57 165
BOY5 1 238 52 38 55
BOY6 1 102 55 48 160
BOY7 1 107 26 43 180
BOY8 1 104 84 86 125
BOY9 1 223 84 52 154
BOY10 3 109 68 84 118
BOY11 3 183 25 69 66
BOY12 3 222 141 68 96
BOY13 1 211 88 87 181
BOY14 3 210 69 67 123
BOY15 1 36 55 75 173
BOY16 3 241 32 44 116
BOY17 3 197 63 86 169
BOY18 2 118 104 90 171
BOY19 2 196 49 56 182
BOY20 3 42 139 87 90
BOY21 3 238 34 68 87
BOY22 3 66 56 82 163
BOY23 2 101 113 36 74
BOY24 1 172 138 89 61
BOY25 1 124 60 85 44
BOY26 2 71 47 82 145
BOY27 3 127 145 40 108
BOY28 1 163 56 52 147
BOY29 3 220 89 80 48
BOY30 2 139 24 75 183
BOY31 3 222 58 49 161
BOY32 2 153 33 40 48
BOY33 3 69 116 57 163
BOY34 3 139 86 54 66
BOY35 3 58 129 65 178
BOY36 1 50 37 88 104
BOY37 3 169 31 44 182
BOY38 1 241 99 85 193
BOY39 2 119 87 59 74
BOY40 2 176 42 85 158
BOY41 3 154 136 69 125
BOY42 1 187 46 87 82
BOY43 1 116 99 74 188
BOY44 2 199 132 67 95
BOY45 2 102 47 86 130
BOY46 1 147 80 58 161
BOY47 1 37 27 76 66
BOY48 1 51 32 78 177
BOY49 2 226 78 82 58
BOY50 3 46 62 67 105
BOY51 1 243 81 72 166
BOY52 3 117 125 46 96
BOY53 2 193 70 85 156
BOY54 3 230 112 90 90
BOY55 1 50 79 51 124
BOY56 1 62 114 77 89
BOY57 3 213 68 37 50
BOY58 3 135 51 90 188
BOY59 2 98 67 88 114
BOY60 1 177 59 56 65
BOY61 2 235 42 38 176
BOY62 2 238 81 54 173
BOY63 2 47 38 91 86
BOY64 3 222 102 36 63
BOY65 2 75 100 61 90