GIRL1 1 780 18 104 1
GIRL2 3 454 29 88 3
GIRL3 1 559 13 25 1
GIRL4 3 501 23 36 3
GIRL5 2 317 16 102 1
GIRL6 2 745 30 65 1
GIRL7 1 749 21 101 2
GIRL8 1 608 17 25 1
GIRL9 3 554 31 70 3
GIRL10 2 392 30 66 2
GIRL11 3 558 21 29 2
GIRL12 3 595 15 65 1
GIRL13 1 392 21 32 3
GIRL14 2 224 12 78 3
GIRL15 1 409 23 38 1
GIRL16 3 227 23 114 1
GIRL17 3 690 29 46 1
GIRL18 3 471 32 53 1
GIRL19 2 631 30 52 2
GIRL20 3 799 30 125 2
GIRL21 2 767 30 32 2
GIRL22 3 431 14 86 3
GIRL23 2 346 30 108 3
GIRL24 3 236 27 95 1
GIRL25 1 798 26 27 2
GIRL26 1 401 26 83 2
GIRL27 3 686 12 54 1
GIRL28 2 521 27 70 2
GIRL29 2 464 26 105 3
GIRL30 3 698 23 21 1
GIRL31 2 250 25 29 1
GIRL32 3 514 26 103 1
GIRL33 3 653 22 59 3
GIRL34 2 356 28 89 2