BOY1 1 42 27 40 102
BOY2 3 102 32 64 151
BOY3 3 66 106 49 133
BOY4 1 98 78 43 95
BOY5 1 38 103 35 87
BOY6 2 209 48 87 76
BOY7 2 219 146 91 114
BOY8 1 199 32 43 147
BOY9 1 181 146 39 63
BOY10 2 86 127 47 139
BOY11 1 92 106 65 138
BOY12 2 102 46 66 182
BOY13 3 137 71 81 121
BOY14 2 55 41 76 47
BOY15 3 126 104 86 138
BOY16 1 146 65 63 158
BOY17 2 79 55 85 77
BOY18 3 56 137 42 76
BOY19 2 172 62 85 43
BOY20 2 189 125 46 187
BOY21 3 101 47 52 42
BOY22 1 57 103 61 154
BOY23 3 83 103 77 149
BOY24 2 172 88 54 64
BOY25 1 83 43 35 184
BOY26 2 62 64 43 111
BOY27 1 79 32 58 171
BOY28 2 143 29 92 147
BOY29 1 73 116 56 182
BOY30 1 108 121 51 151
BOY31 3 137 84 44 82
BOY32 2 78 37 78 176
BOY33 3 117 95 90 57
BOY34 3 173 31 81 112
BOY35 2 196 133 55 103
BOY36 3 120 106 57 143
BOY37 1 80 70 84 130
BOY38 1 192 99 70 68
BOY39 2 124 40 64 56
BOY40 3 171 138 59 182
BOY41 2 60 137 81 70
BOY42 3 141 56 64 150
BOY43 2 47 103 70 64
BOY44 3 155 72 68 190
BOY45 3 209 61 88 54
BOY46 2 201 132 52 146
BOY47 1 177 105 39 97
BOY48 2 195 28 81 76
BOY49 2 153 113 60 95
BOY50 3 107 77 91 124
BOY51 2 148 70 59 87
BOY52 3 54 34 45 43
BOY53 1 156 125 93 40
BOY54 2 222 111 91 49
BOY55 3 152 109 35 170
BOY56 1 200 145 71 179
BOY57 1 69 26 83 129
BOY58 1 190 94 42 174
BOY59 1 219 150 55 93
BOY60 3 62 91 46 83
BOY61 2 75 29 61 147
BOY62 2 143 133 92 166
BOY63 2 212 92 82 141
BOY64 1 206 29 66 122
BOY65 1 108 144 83 71
BOY66 1 89 62 57 189