GIRL1 3 330 30 122 3
GIRL2 3 532 19 32 3
GIRL3 3 705 10 55 3
GIRL4 2 409 20 46 3
GIRL5 2 314 29 29 1
GIRL6 1 659 30 76 3
GIRL7 2 235 19 104 2
GIRL8 3 402 20 37 3
GIRL9 3 491 12 71 3
GIRL10 1 657 29 96 3
GIRL11 2 663 32 98 2
GIRL12 3 214 26 128 1
GIRL13 1 621 28 107 2
GIRL14 1 758 30 32 3
GIRL15 3 387 16 106 2
GIRL16 2 645 15 122 3
GIRL17 1 771 15 80 3
GIRL18 3 356 32 29 2
GIRL19 3 255 16 130 1
GIRL20 1 766 17 35 3
GIRL21 2 490 32 29 2
GIRL22 1 810 13 22 3
GIRL23 1 517 14 117 2