BOY1 1 157 115 82 174
BOY2 1 188 36 91 63
BOY3 2 90 118 52 156
BOY4 2 155 75 67 174
BOY5 2 194 96 84 186
BOY6 3 241 94 87 123
BOY7 2 113 70 76 157
BOY8 2 214 152 39 125
BOY9 3 235 135 78 58
BOY10 2 159 130 43 114
BOY11 2 159 77 90 94
BOY12 2 111 58 82 116
BOY13 2 103 148 54 57
BOY14 3 120 144 82 159
BOY15 3 109 94 83 84
BOY16 1 64 141 68 161
BOY17 2 93 152 37 80
BOY18 2 229 27 48 175
BOY19 2 222 130 35 147
BOY20 1 168 61 78 54
BOY21 2 183 74 63 196
BOY22 3 145 103 93 185
BOY23 3 71 108 50 161
BOY24 3 113 63 83 105
BOY25 1 242 28 89 138
BOY26 3 66 75 75 163
BOY27 2 128 27 84 55
BOY28 3 217 41 55 97
BOY29 1 146 55 77 89
BOY30 1 78 91 88 69
BOY31 2 203 27 36 182
BOY32 2 239 82 40 41
BOY33 3 216 113 40 142
BOY34 2 184 138 71 177
BOY35 1 243 101 58 152
BOY36 2 98 52 69 167
BOY37 1 47 32 78 166
BOY38 1 124 49 51 163
BOY39 1 133 136 72 79
BOY40 1 70 46 83 59
BOY41 2 195 69 88 189
BOY42 2 52 130 74 68
BOY43 3 206 78 47 83
BOY44 2 122 93 52 63
BOY45 2 49 86 91 158
BOY46 2 91 130 74 51
BOY47 2 234 35 60 181
BOY48 3 188 35 41 190
BOY49 3 90 138 50 179
BOY50 1 172 39 71 79
BOY51 2 240 71 84 155
BOY52 2 185 61 80 85
BOY53 1 118 100 68 80
BOY54 3 212 27 88 74
BOY55 2 55 76 59 179
BOY56 1 130 58 77 49
BOY57 2 102 36 88 45
BOY58 1 186 37 67 54
BOY59 2 173 108 74 78
BOY60 3 121 68 77 57
BOY61 1 209 37 74 85
BOY62 1 59 27 92 89
BOY63 2 225 51 42 88
BOY64 2 113 147 48 108
BOY65 2 177 45 77 185
BOY66 3 94 101 88 109
BOY67 1 236 124 69 169
BOY68 3 168 131 40 166
BOY69 3 184 97 93 48
BOY70 1 222 107 85 116
BOY71 2 206 68 51 92
BOY72 1 78 34 41 175
BOY73 1 53 42 69 95
BOY74 1 229 70 93 176
BOY75 2 181 140 61 143
BOY76 3 41 76 59 74
BOY77 1 160 110 78 76
BOY78 3 74 63 40 178
BOY79 2 154 62 88 154
BOY80 3 117 127 47 185
BOY81 2 190 53 54 61