GIRL1 3 790 18 122 1
GIRL2 1 538 24 129 2
GIRL3 3 647 21 116 2
GIRL4 3 368 23 119 2
GIRL5 3 713 32 64 2
GIRL6 1 714 30 106 1
GIRL7 1 312 21 120 2
GIRL8 2 431 27 112 1
GIRL9 2 680 18 63 2
GIRL10 1 692 13 125 1
GIRL11 1 517 27 52 2
GIRL12 3 427 28 79 3
GIRL13 1 461 16 66 2
GIRL14 3 575 22 67 3
GIRL15 1 601 19 44 1
GIRL16 2 519 31 38 3
GIRL17 2 562 20 79 2
GIRL18 3 466 10 42 2
GIRL19 3 505 16 48 2
GIRL20 3 279 25 63 3
GIRL21 3 611 29 43 2
GIRL22 2 479 22 38 2
GIRL23 1 224 26 31 1
GIRL24 3 404 19 66 2