BOY1 1 62 96 77 77
BOY2 3 237 77 48 83
BOY3 2 67 136 43 162
BOY4 1 245 132 83 140
BOY5 1 119 101 70 120
BOY6 2 201 148 53 89
BOY7 2 202 125 57 69
BOY8 1 110 128 78 41
BOY9 1 130 91 90 81
BOY10 1 57 105 84 101
BOY11 1 171 140 82 90
BOY12 2 134 99 53 135
BOY13 3 129 87 60 61
BOY14 1 92 94 41 150
BOY15 3 35 135 82 161
BOY16 1 184 98 76 180
BOY17 2 130 101 85 141
BOY18 2 53 48 48 112
BOY19 1 222 115 87 50
BOY20 1 42 53 58 159
BOY21 3 71 98 43 47
BOY22 2 94 27 38 159
BOY23 2 132 67 88 118
BOY24 3 159 105 53 169
BOY25 3 172 54 72 45
BOY26 1 36 58 49 54
BOY27 1 48 128 91 194
BOY28 2 86 117 72 50
BOY29 2 196 52 67 124
BOY30 2 113 85 70 130
BOY31 2 138 70 41 165
BOY32 3 111 129 36 190
BOY33 2 134 152 90 171
BOY34 1 89 57 56 79
BOY35 2 61 116 55 174
BOY36 3 76 44 54 42
BOY37 1 101 31 59 157
BOY38 3 85 139 51 130
BOY39 2 178 29 87 138
BOY40 1 204 147 37 194
BOY41 2 155 135 56 187
BOY42 2 64 25 75 191
BOY43 1 172 55 44 94
BOY44 2 50 24 52 180
BOY45 3 65 129 51 113
BOY46 3 65 32 43 162