GIRL1 1 219 25 103 3
GIRL2 3 705 31 101 1
GIRL3 3 362 25 110 1
GIRL4 2 704 29 63 1
GIRL5 3 591 22 79 3
GIRL6 3 738 10 58 3
GIRL7 3 305 28 118 3
GIRL8 1 706 21 49 2
GIRL9 1 504 21 87 3
GIRL10 2 233 25 109 3
GIRL11 1 342 15 23 1
GIRL12 3 471 27 95 2
GIRL13 1 475 27 68 2
GIRL14 3 749 28 69 1
GIRL15 1 303 24 87 2
GIRL16 2 653 19 75 2
GIRL17 3 465 13 35 1
GIRL18 3 674 26 22 3
GIRL19 1 362 30 41 2
GIRL20 3 234 30 66 3
GIRL21 2 359 13 32 1
GIRL22 3 478 30 125 2
GIRL23 3 580 11 122 1
GIRL24 1 700 29 97 2
GIRL25 3 260 24 21 2
GIRL26 3 571 13 122 2
GIRL27 3 550 24 38 2
GIRL28 2 287 11 65 1
GIRL29 2 473 24 70 1
GIRL30 3 536 30 25 3
GIRL31 3 487 14 121 3
GIRL32 3 739 28 25 1
GIRL33 1 741 15 43 3
GIRL34 3 260 14 30 3
GIRL35 2 746 11 58 2
GIRL36 2 361 15 66 3
GIRL37 2 559 13 44 3