BOY1 3 170 114 21 51
BOY2 1 116 99 20 179
BOY3 3 160 37 10 62
BOY4 2 122 24 22 55
BOY5 3 53 51 7 73
BOY6 1 95 43 16 124
BOY7 2 139 25 22 79
BOY8 2 243 43 21 181
BOY9 2 231 127 24 164
BOY10 1 155 122 14 173
BOY11 1 59 63 11 87
BOY12 3 111 121 6 98
BOY13 2 67 39 12 92
BOY14 2 166 54 11 93
BOY15 3 189 152 16 186
BOY16 1 206 36 16 161
BOY17 2 175 123 5 101
BOY18 3 47 113 23 97
BOY19 1 114 39 16 171
BOY20 1 98 134 18 188
BOY21 1 74 133 6 182
BOY22 1 147 135 9 147
BOY23 1 145 45 20 140
BOY24 1 80 24 22 132
BOY25 2 50 86 14 166
BOY26 3 234 107 20 138
BOY27 1 47 99 24 91
BOY28 3 204 119 20 159
BOY29 2 209 75 12 69
BOY30 2 142 105 21 151
BOY31 3 154 73 9 45
BOY32 2 223 66 8 173
BOY33 1 133 64 12 85
BOY34 1 217 62 14 140
BOY35 1 147 61 13 171
BOY36 1 70 125 11 101
BOY37 2 133 54 15 145
BOY38 1 237 107 16 161
BOY39 2 145 52 15 157
BOY40 2 162 139 15 92
BOY41 2 154 84 12 71
BOY42 1 66 68 10 149
BOY43 1 142 36 9 123
BOY44 3 52 132 19 137
BOY45 3 205 36 24 93
BOY46 2 85 42 22 58
BOY47 3 101 103 19 95
BOY48 3 79 45 13 50
BOY49 3 135 33 21 160
BOY50 3 83 98 23 126
BOY51 2 210 141 10 105
BOY52 3 83 124 19 48
BOY53 2 178 76 7 148
BOY54 2 93 122 24 85
BOY55 2 204 58 14 112
BOY56 2 120 53 21 40
BOY57 3 202 38 7 67
BOY58 2 222 98 19 49
BOY59 1 85 55 14 160
BOY60 1 217 35 20 52
BOY61 2 180 87 21 90
BOY62 2 217 26 6 148
BOY63 2 190 143 18 80