BOY1 1 155 37 92 87
BOY2 1 123 48 74 85
BOY3 3 229 68 50 59
BOY4 2 182 54 74 185
BOY5 1 147 109 58 109
BOY6 2 74 100 90 82
BOY7 1 83 75 74 159
BOY8 1 173 136 49 109
BOY9 1 203 62 73 80
BOY10 3 117 103 87 101
BOY11 3 90 150 76 142
BOY12 1 219 117 76 139
BOY13 3 187 107 93 128
BOY14 2 132 31 43 76
BOY15 3 120 138 78 65
BOY16 1 106 24 88 141
BOY17 3 104 130 88 64
BOY18 2 120 64 83 174
BOY19 3 182 126 82 86
BOY20 3 234 37 85 145
BOY21 1 228 60 45 126
BOY22 3 172 74 35 91
BOY23 1 93 73 42 115
BOY24 3 69 143 88 96
BOY25 2 210 46 46 50
BOY26 2 232 117 71 160
BOY27 3 178 148 45 165
BOY28 3 123 76 37 105
BOY29 1 170 140 44 173
BOY30 3 112 150 69 61
BOY31 1 57 85 91 96
BOY32 2 201 84 88 45
BOY33 3 74 43 67 59
BOY34 3 101 107 59 81
BOY35 2 200 67 72 101
BOY36 3 235 77 36 49
BOY37 3 74 47 86 196
BOY38 1 225 150 49 67
BOY39 2 105 147 58 125
BOY40 2 237 65 49 139
BOY41 1 159 52 69 176
BOY42 1 144 81 55 193
BOY43 1 57 38 44 60
BOY44 2 186 133 66 91
BOY45 1 138 47 73 159
BOY46 1 245 88 54 99
BOY47 3 207 120 78 107
BOY48 3 46 124 45 172
BOY49 2 211 85 56 52
BOY50 1 231 45 74 72
BOY51 1 183 34 56 109
BOY52 1 226 101 48 105
BOY53 3 188 109 70 56
BOY54 2 92 102 58 191
BOY55 3 172 36 81 42
BOY56 3 119 134 79 142
BOY57 1 220 97 76 161
BOY58 1 182 101 38 82
BOY59 1 127 121 72 68
BOY60 3 94 138 36 108
BOY61 1 168 69 88 64
BOY62 1 191 42 67 157
BOY63 1 244 62 73 102
BOY64 2 239 143 44 159
BOY65 3 168 80 81 125
BOY66 3 74 99 35 47
BOY67 1 59 93 62 63
BOY68 3 113 150 38 136
BOY69 3 221 62 82 145
BOY70 2 156 142 51 88
BOY71 1 179 70 48 194
BOY72 3 147 69 60 109
BOY73 3 153 84 50 165
BOY74 2 225 147 58 154
BOY75 1 204 73 63 81
BOY76 1 64 94 69 77
BOY77 3 178 29 77 115
BOY78 1 150 65 36 127
BOY79 2 76 133 53 107
BOY80 2 37 128 36 150
BOY81 2 229 54 64 48
BOY82 1 237 129 88 178