GIFT1 3 7 37 2 4
GIFT2 3 14 12 1 3
GIFT3 1 2 8
GIFT4 1 4 16
GIFT5 1 3 5
GIFT6 2 4 26 4 9
GIFT7 1 4 15
GIFT8 1 2 8
GIFT9 3 3 16 3 5
GIFT10 1 6 13
GIFT11 2 5 18 3 7
GIFT12 3 9 36 2 5
GIFT13 3 7 41 2 4
GIFT14 3 5 12 5 3
GIFT15 3 14 38 3 6
GIFT16 1 2 13
GIFT17 2 5 11 4 2
GIFT18 1 4 18
GIFT19 3 10 9 5 1
GIFT20 1 5 3
GIFT21 3 13 16 1 4
GIFT22 3 4 9 4 9
GIFT23 1 6 16
GIFT24 2 10 32 4 9
GIFT25 3 3 35 5 5
GIFT26 3 9 31 3 2
GIFT27 1 2 17
GIFT28 3 3 34 1 4
GIFT29 3 6 36 1 7
GIFT30 2 8 23 5 9
GIFT31 3 9 11 5 3
GIFT32 3 11 27 2 5
GIFT33 2 13 24 1 7
GIFT34 2 14 20 1 9
GIFT35 2 12 30 2 6
GIFT36 3 9 10 4 7
GIFT37 2 14 36 1 6
GIFT38 1 4 13
GIFT39 3 8 14 1 3
GIFT40 3 11 38 4 5
GIFT41 2 5 41 2 6
GIFT42 2 14 30 3 1
GIFT43 1 2 13
GIFT44 3 7 25 1 3
GIFT45 3 12 20 2 9
GIFT46 1 4 10
GIFT47 1 3 10
GIFT48 3 13 26 1 1
GIFT49 3 5 43 1 6
GIFT50 3 3 27 3 1
GIFT51 2 4 26 2 9
GIFT52 2 11 24 5 7
GIFT53 1 4 19
GIFT54 2 13 9 2 4
GIFT55 1 4 18
GIFT56 1 3 18
GIFT57 3 4 25 3 6
GIFT58 3 6 15 2 5
GIFT59 3 3 27 2 6
GIFT60 1 3 16
GIFT61 1 5 6
GIFT62 2 4 15 4 8
GIFT63 2 13 17 2 1
GIFT64 1 4 14
GIFT65 2 6 14 5 1
GIFT66 1 6 6
GIFT67 2 4 29 4 4
GIFT68 3 9 42 4 2
GIFT69 2 13 38 4 2
GIFT70 2 13 43 4 8
GIFT71 1 3 12
GIFT72 3 5 31 2 4
GIFT73 3 8 35 3 9
GIFT74 1 6 8
GIFT75 1 5 7
GIFT76 1 5 16
GIFT77 2 13 38 3 5
GIFT78 1 5 12
GIFT79 3 13 35 1 2
GIFT80 1 4 4
GIFT81 2 8 34 1 9
GIFT82 2 9 9 5 9
GIFT83 1 5 4
GIFT84 2 14 25 3 3
GIFT85 2 6 21 5 9
GIFT86 1 3 17
GIFT87 2 11 24 1 1
GIFT88 2 12 22 2 3
GIFT89 1 3 19
GIFT90 3 3 17 2 5
GIFT91 2 6 40 3 9
GIFT92 3 9 37 2 9
GIFT93 2 12 15 4 7
GIFT94 3 8 10 4 5
GIFT95 1 2 13
GIFT96 2 7 19 3 8
GIFT97 1 4 9
GIFT98 3 10 29 5 5
GIFT99 2 12 39 4 9
GIFT100 3 14 37 2 5
GIFT101 3 11 24 2 2
GIFT102 1 6 14
GIFT103 2 14 34 1 5
GIFT104 3 9 12 1 3
GIFT105 1 2 13
GIFT106 3 8 13 2 6
GIFT107 1 6 14
GIFT108 3 8 22 2 7
GIFT109 2 11 36 5 7
GIFT110 2 11 25 1 1
GIFT111 2 10 10 2 8
GIFT112 1 5 18
GIFT113 1 3 9
GIFT114 2 3 21 4 6
GIFT115 1 5 8
GIFT116 3 11 39 5 7
GIFT117 3 12 9 2 8
GIFT118 2 5 26 5 6
GIFT119 2 8 36 5 4
GIFT120 2 13 28 4 1
GIFT121 1 6 9
GIFT122 3 13 42 5 1
GIFT123 2 13 9 5 2
GIFT124 3 3 36 2 9
GIFT125 1 6 11
GIFT126 1 5 12
GIFT127 1 5 6
GIFT128 1 3 9
GIFT129 3 5 35 2 7
GIFT130 3 14 18 3 9
GIFT131 2 6 18 3 1
GIFT132 2 6 19 2 7
GIFT133 2 13 39 5 5
GIFT134 3 13 10 5 2
GIFT135 2 13 11 1 4
GIFT136 2 10 35 5 2
GIFT137 1 2 18
GIFT138 3 6 26 2 2
GIFT139 3 14 28 1 3
GIFT140 3 8 42 5 5
GIFT141 3 13 32 3 2
GIFT142 1 2 17
GIFT143 1 5 19
GIFT144 3 14 43 3 9
GIFT145 1 5 8
GIFT146 3 5 27 1 5
GIFT147 1 2 8
GIFT148 2 14 22 1 3
GIFT149 2 5 37 3 3
GIFT150 3 8 32 1 7
GIFT151 3 7 13 3 7
GIFT152 2 12 10 5 4
GIFT153 1 2 14
GIFT154 3 8 37 3 7
GIFT155 1 4 3
GIFT156 1 3 7
GIFT157 1 5 10
GIFT158 1 5 14
GIFT159 2 7 37 3 4
GIFT160 1 6 9
GIFT161 2 13 12 4 4
GIFT162 3 9 32 3 1
GIFT163 2 13 15 4 5
GIFT164 3 4 22 5 1
GIFT165 3 7 31 5 1
GIFT166 1 6 14
GIFT167 3 5 19 3 5
GIFT168 2 12 41 2 6
GIFT169 2 4 35 1 4
GIFT170 3 9 37 5 2
GIFT171 2 8 41 1 2
GIFT172 1 6 19
GIFT173 1 3 18
GIFT174 2 4 24 2 5
GIFT175 2 3 14 1 4
GIFT176 3 9 33 1 1
GIFT177 2 5 37 5 6
GIFT178 1 6 18
GIFT179 2 14 26 5 1
GIFT180 1 5 7
GIFT181 1 5 5
GIFT182 3 10 20 4 3
GIFT183 2 12 36 2 7
GIFT184 2 8 21 4 6
GIFT185 3 14 24 1 2
GIFT186 2 11 27 4 6
GIFT187 3 9 25 4 8
GIFT188 2 14 39 1 1
GIFT189 3 8 42 2 5
GIFT190 1 2 17
GIFT191 1 4 3
GIFT192 3 13 38 3 5
GIFT193 2 13 21 3 4
GIFT194 1 4 3
GIFT195 1 2 8
GIFT196 2 10 38 2 6
GIFT197 3 3 22 5 8
GIFT198 3 9 40 3 5
GIFT199 3 5 16 3 1
GIFT200 2 9 16 4 3
GIFT201 3 3 30 1 4