GIRL1 2 252 31 105 1
GIRL2 2 654 27 129 3
GIRL3 3 683 30 29 1
GIRL4 1 785 21 100 2
GIRL5 3 428 29 24 1
GIRL6 2 305 11 54 3
GIRL7 2 700 12 90 3
GIRL8 2 312 12 72 3
GIRL9 3 734 12 61 2
GIRL10 1 505 11 129 3
GIRL11 2 673 28 102 3
GIRL12 3 603 27 79 3
GIRL13 1 623 25 65 1
GIRL14 2 697 13 116 2
GIRL15 3 507 11 111 3
GIRL16 1 267 21 96 2
GIRL17 1 617 18 67 3
GIRL18 3 466 14 128 3
GIRL19 1 738 27 94 3
GIRL20 1 330 24 53 2
GIRL21 1 803 10 103 2
GIRL22 3 338 18 26 2
GIRL23 2 312 11 117 1
GIRL24 3 320 29 107 3
GIRL25 3 782 17 92 1
GIRL26 1 262 11 124 3
GIRL27 1 509 25 26 1