BOY1 1 89 27 92 112
BOY2 1 216 75 58 84
BOY3 2 154 102 87 69
BOY4 2 198 60 84 122
BOY5 3 227 74 54 165
BOY6 1 182 124 49 90
BOY7 1 79 112 40 85
BOY8 1 158 99 63 119
BOY9 3 85 89 86 46
BOY10 1 73 151 65 79
BOY11 1 199 44 64 169
BOY12 2 98 29 93 153
BOY13 3 49 97 79 103
BOY14 1 218 130 78 97
BOY15 3 222 89 73 152
BOY16 1 44 83 46 45
BOY17 2 37 130 82 162
BOY18 2 155 54 60 124
BOY19 3 205 97 79 122
BOY20 1 174 104 45 143
BOY21 1 83 138 39 115
BOY22 3 79 32 76 176
BOY23 3 208 129 67 48
BOY24 3 160 35 89 85
BOY25 3 239 32 69 130
BOY26 1 233 101 46 81
BOY27 2 125 116 41 136
BOY28 1 184 33 65 89
BOY29 3 158 96 51 186
BOY30 1 235 150 48 191
BOY31 2 79 43 75 180
BOY32 3 80 40 59 182
BOY33 2 184 134 68 58
BOY34 2 194 135 79 179
BOY35 2 211 129 90 160
BOY36 2 183 28 63 47
BOY37 2 96 54 39 152
BOY38 1 90 112 60 139
BOY39 3 180 125 80 98
BOY40 3 58 78 90 86
BOY41 3 185 64 57 54
BOY42 1 98 53 50 128
BOY43 3 53 91 37 43
BOY44 2 83 35 59 133
BOY45 3 158 127 37 187
BOY46 1 103 91 77 128
BOY47 3 189 120 78 184
BOY48 2 57 109 49 189
BOY49 2 43 126 92 194
BOY50 2 219 61 78 156
BOY51 2 58 90 45 171
BOY52 1 98 42 82 59
BOY53 2 91 150 92 105
BOY54 1 215 98 57 192
BOY55 1 243 84 35 152
BOY56 2 180 57 71 168
BOY57 2 211 140 39 117
BOY58 3 158 38 76 141
BOY59 3 230 64 89 130
BOY60 3 238 24 41 49
BOY61 1 148 84 66 153
BOY62 2 176 55 80 180
BOY63 1 127 88 56 138
BOY64 1 67 29 87 74
BOY65 3 161 48 65 180
BOY66 3 235 41 87 48
BOY67 2 230 64 46 158
BOY68 2 65 125 47 120