GIRL1 1 518 26 42 3
GIRL2 3 543 15 105 2
GIRL3 1 395 31 41 2
GIRL4 2 383 20 72 3
GIRL5 3 628 18 40 2
GIRL6 2 646 10 126 1
GIRL7 2 267 20 80 3
GIRL8 3 770 20 69 1
GIRL9 1 366 23 97 3
GIRL10 1 453 18 21 1
GIRL11 3 690 32 86 2
GIRL12 1 583 29 97 3
GIRL13 1 378 22 128 3
GIRL14 3 548 11 96 1
GIRL15 2 701 23 108 1
GIRL16 3 423 24 65 2
GIRL17 2 407 21 101 3
GIRL18 1 395 26 90 3
GIRL19 3 421 13 80 3
GIRL20 3 614 24 35 1
GIRL21 3 544 22 57 1
GIRL22 3 502 10 80 2
GIRL23 3 241 24 69 2
GIRL24 3 432 13 85 1
GIRL25 1 657 13 22 1
GIRL26 1 770 21 125 2
GIRL27 2 684 15 52 1
GIRL28 2 223 30 120 3
GIRL29 3 217 21 49 3
GIRL30 1 552 18 120 3
GIRL31 1 264 24 53 1
GIRL32 2 690 16 95 2
GIRL33 2 531 20 67 3
GIRL34 3 684 17 123 2
GIRL35 3 632 28 113 1
GIRL36 3 451 22 36 1
GIRL37 2 676 22 65 2
GIRL38 3 404 17 72 3